0,1
0,6
0,7
0,11
1,0
1,2
1,3
1,4
1,5
1,12
2,1
2,8
2,9
3,1
4,1
5,1
6,0
6,10
7,0
8,2
9,2
10,6
11,0
12,1
13,14
13,18
14,13
14,15
14,16
14,17
14,20
15,14
15,19
15,21
16,14
17,14
18,13
19,15
20,14
21,15
22,23
22,27
22,31
23,22
23,24
23,25
23,26
23,28
23,29
24,23
25,23
25,30
25,32
25,33
26,23
27,22
28,23
29,23
30,25
31,22
32,25
33,25
34,35
34,40
34,41
34,42
35,34
35,36
35,37
35,38
35,39
35,47
36,35
36,46
37,35
38,35
39,35
40,34
40,43
40,44
40,48
41,34
41,45
42,34
43,40
44,40
45,41
46,36
47,35
48,40
49,50
49,52
50,49
50,51
50,53
50,54
50,55
50,56
51,50
52,49
52,57
52,58
53,50
53,59
54,50
55,50
56,50
57,52
57,60
58,52
59,53
60,57
61,62
61,66
61,68
61,69
62,61
62,63
62,64
62,65
62,67
62,71
63,62
63,70
63,74
64,62
65,62
66,61
66,72
66,73
66,75
67,62
68,61
69,61
70,63
71,62
72,66
72,76
72,77
73,66
74,63
75,66
76,72
77,72
78,79
78,84
78,91
79,78
79,80
79,81
79,82
79,83
79,87
80,79
81,79
82,79
83,79
83,85
83,86
83,88
84,78
85,83
85,89
86,83
86,90
87,79
88,83
89,85
90,86
91,78
92,93
92,97
92,101
93,92
93,94
93,95
93,96
93,98
93,100
94,93
95,93
96,93
97,92
97,99
97,102
98,93
99,97
100,93
101,92
102,97
103,104
103,108
103,110
103,113
104,103
104,105
104,106
104,107
104,114
105,104
105,109
105,112
106,104
107,104
108,103
108,111
109,105
110,103
111,108
112,105
113,103
114,104
115,116
115,119
115,124
115,125
116,115
116,117
116,118
116,120
116,121
116,128
117,116
118,116
119,115
119,122
119,123
119,126
120,116
120,130
120,132
121,116
122,119
122,127
123,119
123,131
124,115
124,129
125,115
126,119
127,122
128,116
129,124
130,120
131,123
132,120
133,134
133,141
133,142
133,143
134,133
134,135
134,136
134,137
134,138
134,139
135,134
135,140
135,146
136,134
137,134
138,134
139,134
140,135
141,133
141,144
142,133
142,145
143,133
144,141
145,142
146,135
147,148
147,153
147,157
148,147
148,149
148,150
148,151
148,152
148,158
149,148
150,148
151,148
151,154
151,155
151,156
152,148
153,147
154,151
155,151
156,151
157,147
158,148
159,160
160,159
160,161
160,162
160,163
160,164
160,167
161,160
162,160
162,165
162,166
163,160
164,160
165,162
166,162
167,160
168,169
168,172
168,173
168,175
169,168
169,170
169,171
169,174
169,177
170,169
171,169
172,168
172,176
172,178
172,179
173,168
174,169
175,168
176,172
177,169
178,172
179,172
180,181
181,180
181,182
181,183
181,184
181,185
181,186
182,181
183,181
184,181
184,187
185,181
186,181
187,184
188,189
188,194
188,197
188,198
189,188
189,190
189,191
189,192
189,193
189,200
190,189
191,189
192,189
193,189
194,188
194,195
194,196
194,199
195,194
195,201
196,194
196,202
197,188
198,188
199,194
200,189
201,195
202,196
203,204
203,207
203,209
203,214
204,203
204,205
204,206
204,208
204,212
205,204
205,210
206,204
207,203
207,213
207,215
208,204
209,203
209,211
210,205
211,209
212,204
213,207
214,203
215,207
216,217
217,216
217,218
217,219
217,220
218,217
218,221
218,224
218,225
219,217
220,217
221,218
221,222
221,223
221,226
222,221
223,221
224,218
225,218
226,221
227,228
227,232
227,233
228,227
228,229
228,230
228,231
228,234
229,228
230,228
231,228
232,227
233,227
234,228
235,236
235,242
235,245
236,235
236,237
236,238
236,239
236,240
236,241
237,236
237,243
237,244
238,236
239,236
240,236
241,236
242,235
243,237
244,237
245,235
245,246
245,247
246,245
247,245
248,249
248,254
248,260
249,248
249,250
249,251
249,252
249,253
249,255
250,249
251,249
252,249
252,256
252,257
252,258
253,249
254,248
255,249
256,252
256,259
257,252
258,252
259,256
260,248
261,262
261,266
261,269
261,271
262,261
262,263
262,264
262,265
262,267
262,268
263,262
264,262
265,262
266,261
266,270
266,273
267,262
267,274
267,275
268,262
269,261
269,272
270,266
270,276
271,261
272,269
273,266
274,267
275,267
276,270
277,278
278,277
278,279
278,280
278,281
278,282
278,283
279,278
280,278
281,278
282,278
282,284
283,278
284,282
285,286
285,292
285,293
286,285
286,287
286,288
286,289
286,290
286,291
287,286
288,286
289,286
290,286
291,286
291,294
291,295
292,285
293,285
294,291
295,291
296,297
296,301
296,303
296,308
297,296
297,298
297,299
297,300
297,306
297,307
298,297
298,302
298,305
299,297
300,297
301,296
301,304
302,298
303,296
303,309
304,301
305,298
306,297
307,297
308,296
309,303
310,311
310,315
310,321
310,322
311,310
311,312
311,313
311,314
311,316
311,317
312,311
312,318
312,319
313,311
314,311
315,310
315,320
315,323
315,324
316,311
317,311
318,312
319,312
320,315
320,325
321,310
321,326
322,310
323,315
324,315
325,320
326,321
327,328
328,327
328,329
328,330
328,331
328,332
328,333
329,328
330,328
330,334
331,328
332,328
333,328
333,335
334,330
335,333
336,337
336,339
336,340
337,336
337,338
337,341
337,343
338,337
338,342
338,344
339,336
340,336
341,337
342,338
342,345
342,346
343,337
344,338
345,342
346,342
347,348
347,353
347,355
348,347
348,349
348,350
348,351
348,352
348,354
349,348
350,348
351,348
352,348
353,347
353,356
354,348
355,347
355,357
356,353
357,355
358,359
358,363
358,368
359,358
359,360
359,361
359,362
359,364
359,365
360,359
361,359
362,359
363,358
364,359
364,366
364,367
365,359
366,364
367,364
368,358
369,370
369,373
369,376
369,382
369,383
370,369
370,371
370,372
370,378
371,370
371,374
371,377
371,379
372,370
372,375
373,369
374,371
374,380
375,372
376,369
377,371
377,381
378,370
379,371
380,374
381,377
382,369
383,369
384,385
384,388
385,384
385,386
385,387
385,390
386,385
386,389
386,392
387,385
388,384
389,386
389,391
390,385
391,389
392,386
393,394
393,396
393,397
393,399
393,401
393,402
394,393
394,395
394,398
394,403
395,394
395,400
395,404
396,393
397,393
398,394
399,393
399,405
399,406
400,395
401,393
402,393
403,394
404,395
405,399
406,399
407,408
407,410
407,415
407,418
408,407
408,409
408,419
409,408
409,411
409,413
409,414
409,416
409,417
410,407
410,412
411,409
412,410
413,409
414,409
415,407
416,409
417,409
418,407
419,408
420,421
420,424
420,426
420,429
421,420
421,422
421,423
421,425
422,421
422,428
423,421
424,420
424,427
425,421
425,430
425,432
426,420
426,431
427,424
428,422
429,420
430,425
431,426
432,425
433,434
434,433
434,435
434,438
434,439
435,434
435,436
435,437
436,435
437,435
438,434
439,434
440,441
440,444
440,446
440,447
441,440
441,442
441,443
441,449
442,441
442,450
443,441
443,445
443,448
443,451
443,452
443,453
444,440
445,443
446,440
447,440
448,443
449,441
450,442
451,443
452,443
453,443
454,455
455,454
455,456
455,457
456,455
456,458
456,459
456,460
456,461
456,462
457,455
457,463
458,456
459,456
460,456
461,456
462,456
463,457
464,465
464,468
464,469
464,472
464,475
465,464
465,466
465,467
465,470
466,465
466,471
467,465
467,473
467,474
468,464
469,464
470,465
471,466
472,464
473,467
474,467
475,464
476,477
477,476
477,478
477,479
477,480
478,477
478,481
478,483
478,485
478,486
479,477
479,482
479,484
480,477
480,487
481,478
482,479
482,488
483,478
484,479
485,478
486,478
487,480
488,482
489,490
489,494
489,497
489,498
489,499
489,502
490,489
490,491
490,492
490,493
491,490
491,496
491,500
491,501
492,490
492,495
493,490
494,489
495,492
496,491
497,489
498,489
498,504
498,505
499,489
500,491
500,503
501,491
502,489
503,500
504,498
505,498
506,507
506,515
507,506
507,508
507,511
507,512
508,507
508,509
508,510
509,508
509,513
510,508
510,514
510,516
511,507
512,507
513,509
514,510
515,506
516,510
517,518
518,517
518,519
518,520
518,521
519,518
519,522
519,523
519,524
519,525
519,526
520,518
521,518
521,527
521,528
522,519
523,519
524,519
525,519
526,519
527,521
528,521
529,530
529,532
529,533
529,535
529,536
529,539
530,529
530,531
530,538
530,543
531,530
531,534
531,544
532,529
532,540
532,542
533,529
534,531
534,537
534,541
535,529
536,529
537,534
537,545
538,530
539,529
540,532
541,534
542,532
543,530
544,531
545,537
546,547
546,551
546,552
546,555
546,558
547,546
547,548
547,549
547,550
548,547
548,553
548,554
548,557
549,547
549,556
550,547
551,546
551,562
552,546
553,548
553,559
554,548
554,560
554,561
555,546
556,549
557,548
558,546
559,553
560,554
561,554
562,551
563,564
564,563
564,565
564,568
565,564
565,566
565,567
565,569
566,565
567,565
567,570
568,564
568,571
569,565
570,567
571,568
572,573
572,577
572,578
573,572
573,574
573,575
573,576
574,573
575,573
576,573
576,579
576,581
576,582
576,584
576,585
577,572
577,580
577,583
578,572
579,576
580,577
580,586
581,576
582,576
583,577
584,576
585,576
586,580
587,588
587,590
587,591
587,593
587,594
587,597
588,587
588,589
588,592
588,595
589,588
589,596
590,587
591,587
592,588
592,598
593,587
593,599
593,600
594,587
595,588
596,589
597,587
598,592
599,593
600,593
601,602
601,606
602,601
602,603
602,604
602,605
603,602
604,602
604,607
604,608
605,602
606,601
607,604
608,604
609,610
609,613
610,609
610,611
610,612
610,614
611,610
612,610
612,615
612,616
612,619
612,620
612,621
613,609
614,610
614,617
614,618
615,612
616,612
617,614
618,614
619,612
620,612
621,612
622,623
622,627
623,622
623,624
623,625
624,623
625,623
625,626
626,625
627,622
628,629
628,632
628,633
628,638
628,639
629,628
629,630
629,631
630,629
630,634
630,635
630,636
631,629
632,628
632,637
632,642
633,628
634,630
634,640
635,630
635,641
635,643
636,630
637,632
638,628
639,628
640,634
641,635
642,632
643,635
644,645
644,649
644,652
644,653
644,655
644,656
645,644
645,646
645,647
645,648
646,645
647,645
647,650
647,651
647,658
648,645
648,654
649,644
649,659
650,647
650,657
651,647
651,660
652,644
653,644
654,648
655,644
656,644
657,650
658,647
659,649
660,651
661,662
661,665
661,671
661,675
662,661
662,663
662,664
662,666
663,662
663,667
664,662
664,669
664,670
664,673
664,674
665,661
665,668
665,672
666,662
667,663
668,665
669,664
670,664
671,661
672,665
673,664
674,664
675,661
676,677
676,680
676,682
676,685
676,686
676,689
677,676
677,678
677,679
677,683
678,677
678,681
678,687
678,690
679,677
679,684
680,676
681,678
681,688
682,676
683,677
684,679
685,676
686,676
687,678
688,681
689,676
690,678
691,692
691,695
691,699
691,701
691,702
691,703
692,691
692,693
692,694
692,698
693,692
693,696
693,704
694,692
695,691
695,700
696,693
696,697
697,696
698,692
699,691
700,695
701,691
702,691
703,691
704,693
705,706
705,707
705,709
705,711
705,713
705,714
706,705
706,708
706,710
706,712
707,705
708,706
708,716
709,705
710,706
711,705
712,706
712,715
712,717
713,705
714,705
715,712
716,708
717,712
718,719
718,723
718,724
718,725
718,726
718,728
719,718
719,720
719,721
719,722
720,719
720,727
721,719
722,719
722,729
722,730
723,718
723,731
723,733
724,718
725,718
726,718
727,720
728,718
729,722
729,732
730,722
731,723
732,729
733,723
734,735
734,737
734,742
734,745
734,747
735,734
735,736
735,738
735,739
736,735
736,740
736,741
736,744
737,734
738,735
738,743
739,735
740,736
740,746
741,736
741,748
742,734
743,738
744,736
745,734
746,740
747,734
748,741
749,750
749,752
749,753
749,754
749,755
749,759
750,749
750,751
750,756
751,750
752,749
752,757
752,758
753,749
754,749
755,749
756,750
757,752
758,752
759,749
760,761
760,766
760,767
760,774
761,760
761,762
761,763
761,768
762,761
762,764
762,765
763,761
763,771
764,762
764,769
765,762
766,760
766,770
766,772
766,773
766,775
767,760
768,761
769,764
770,766
771,763
772,766
773,766
774,760
775,766
776,777
776,781
776,783
777,776
777,778
777,779
777,782
778,777
778,780
779,777
779,784
779,786
780,778
781,776
782,777
783,776
783,785
784,779
785,783
786,779
787,788
787,792
787,794
788,787
788,789
788,790
788,791
789,788
790,788
790,793
790,795
791,788
792,787
792,796
793,790
793,797
794,787
795,790
796,792
797,793
798,799
798,802
798,803
798,805
799,798
799,800
799,804
800,799
800,801
800,806
801,800
801,807
802,798
803,798
803,808
803,809
803,810
804,799
805,798
805,811
806,800
807,801
808,803
809,803
810,803
811,805
812,813
812,814
812,815
813,812
813,816
813,817
813,821
814,812
814,822
815,812
816,813
816,818
816,820
817,813
817,819
818,816
819,817
820,816
821,813
822,814
823,824
823,828
823,829
823,830
824,823
824,825
824,826
824,831
825,824
825,827
826,824
827,825
828,823
828,835
829,823
830,823
830,832
830,834
830,836
831,824
831,833
832,830
833,831
834,830
835,828
836,830
837,838
837,840
837,841
837,843
838,837
838,839
838,842
839,838
840,837
841,837
841,845
842,838
843,837
843,844
844,843
845,841
846,847
846,849
847,846
847,848
847,850
847,852
848,847
848,851
848,854
849,846
850,847
851,848
852,847
852,853
852,855
853,852
854,848
855,852
856,857
856,858
856,861
856,866
857,856
857,859
858,856
858,860
858,862
858,863
858,864
858,865
859,857
860,858
861,856
862,858
863,858
864,858
865,858
866,856
867,868
868,867
868,869
868,870
869,868
869,871
869,872
870,868
871,869
872,869
873,874
873,877
873,884
874,873
874,875
874,876
874,878
875,874
875,881
876,874
877,873
877,879
877,882
877,883
877,886
878,874
878,880
879,877
880,878
881,875
881,885
882,877
883,877
884,873
885,881
886,877
887,888
887,893
888,887
888,889
888,890
888,891
889,888
889,892
889,896
890,888
890,894
891,888
892,889
892,895
892,897
893,887
894,890
894,898
895,892
896,889
897,892
898,894
899,900
899,907
900,899
900,901
900,904
900,906
901,900
901,902
901,903
901,905
902,901
902,908
903,901
904,900
905,901
906,900
907,899
908,902
909,910
909,915
910,909
910,911
910,912
910,913
911,910
912,910
912,914
912,917
913,910
913,916
913,920
914,912
914,918
914,919
914,921
915,909
916,913
917,912
918,914
919,914
920,913
921,914
922,923
922,926
922,928
923,922
923,924
923,927
924,923
924,925
925,924
926,922
926,929
927,923
928,922
928,930
929,926
930,928
931,932
931,937
931,938
931,940
932,931
932,933
932,934
932,935
933,932
933,936
934,932
935,932
935,939
935,941
936,933
937,931
938,931
939,935
939,942
940,931
941,935
942,939
943,944
943,947
943,948
943,952
944,943
944,945
944,949
944,950
945,944
945,946
946,945
947,943
947,951
948,943
949,944
950,944
951,947
952,943
953,954
953,958
954,953
954,955
954,956
954,957
955,954
955,959
955,960
956,954
957,954
957,961
957,962
958,953
959,955
959,964
960,955
961,957
961,963
962,957
963,961
964,959
965,966
965,973
966,965
966,967
966,968
966,969
967,966
967,970
967,971
968,966
969,966
969,972
969,974
969,975
970,967
970,976
971,967
972,969
972,977
972,978
972,980
973,965
974,969
974,979
975,969
976,970
977,972
978,972
979,974
980,972
981,982
981,986
982,981
982,983
982,984
982,985
983,982
984,982
984,987
984,990
985,982
985,988
985,989
986,981
987,984
987,991
988,985
989,985
990,984
991,987
992,993
992,995
992,1001
993,992
993,994
993,996
993,997
994,993
995,992
995,998
995,1000
995,1004
996,993
996,1003
997,993
997,999
997,1002
998,995
999,997
1000,995
1001,992
1002,997
1003,996
1004,995
1005,1006
1005,1011
1005,1012
1005,1014
1006,1005
1006,1007
1006,1008
1006,1009
1007,1006
1007,1010
1008,1006
1009,1006
1009,1015
1010,1007
1011,1005
1012,1005
1012,1013
1012,1016
1013,1012
1014,1005
1015,1009
1016,1012
1017,1018
1017,1021
1017,1022
1017,1026
1018,1017
1018,1019
1018,1020
1018,1023
1019,1018
1020,1018
1020,1024
1021,1017
1022,1017
1022,1027
1022,1029
1023,1018
1023,1025
1023,1028
1024,1020
1025,1023
1026,1017
1027,1022
1028,1023
1029,1022
1030,1031
1030,1034
1031,1030
1031,1032
1031,1033
1032,1031
1032,1035
1032,1036
1033,1031
1034,1030
1035,1032
1035,1037
1036,1032
1037,1035
1038,1039
1038,1044
1039,1038
1039,1040
1039,1041
1040,1039
1040,1042
1040,1046
1041,1039
1041,1043
1042,1040
1042,1045
1042,1047
1042,1048
1043,1041
1044,1038
1045,1042
1046,1040
1047,1042
1048,1042
1049,1050
1049,1052
1049,1059
1049,1064
1050,1049
1050,1051
1050,1054
1050,1057
1051,1050
1051,1053
1051,1060
1052,1049
1052,1055
1052,1056
1052,1058
1052,1062
1052,1065
1053,1051
1053,1061
1054,1050
1055,1052
1055,1066
1055,1067
1056,1052
1057,1050
1057,1063
1058,1052
1059,1049
1060,1051
1061,1053
1062,1052
1063,1057
1064,1049
1065,1052
1066,1055
1067,1055
1068,1069
1069,1068
1069,1070
1069,1071
1069,1074
1070,1069
1071,1069
1071,1072
1071,1073
1072,1071
1073,1071
1074,1069
1075,1076
1075,1078
1075,1079
1075,1084
1076,1075
1076,1077
1076,1080
1077,1076
1077,1081
1077,1082
1078,1075
1078,1083
1078,1085
1078,1087
1079,1075
1080,1076
1081,1077
1082,1077
1083,1078
1084,1075
1084,1086
1085,1078
1086,1084
1087,1078
1088,1089
1088,1091
1088,1093
1088,1101
1089,1088
1089,1090
1089,1092
1089,1095
1090,1089
1091,1088
1091,1094
1091,1096
1091,1097
1092,1089
1092,1099
1092,1100
1093,1088
1093,1098
1094,1091
1095,1089
1096,1091
1097,1091
1098,1093
1099,1092
1100,1092
1101,1088
1102,1103
1102,1105
1102,1106
1102,1107
1103,1102
1103,1104
1103,1108
1104,1103
1105,1102
1105,1109
1106,1102
1107,1102
1108,1103
1109,1105
1110,1111
1111,1110
1111,1112
1111,1113
1112,1111
1112,1114
1112,1115
1112,1116
1113,1111
1114,1112
1115,1112
1116,1112
1117,1118
1117,1120
1117,1121
1117,1122
1117,1123
1117,1126
1118,1117
1118,1119
1118,1124
1119,1118
1120,1117
1120,1125
1120,1128
1121,1117
1122,1117
1123,1117
1124,1118
1125,1120
1125,1127
1125,1129
1126,1117
1127,1125
1128,1120
1129,1125
1130,1131
1131,1130
1131,1132
1131,1133
1132,1131
1132,1134
1132,1135
1132,1136
1132,1138
1133,1131
1134,1132
1134,1137
1135,1132
1136,1132
1137,1134
1138,1132
1139,1140
1140,1139
1141,1142
1142,1141
1142,1143
1142,1144
1143,1142
1144,1142
1144,1145
1144,1146
1144,1148
1145,1144
1145,1147
1145,1149
1145,1150
1146,1144
1147,1145
1148,1144
1149,1145
1150,1145
1151,1152
1152,1151
1152,1153
1152,1154
1153,1152
1153,1155
1154,1152
1155,1153
1156,1157
1156,1158
1156,1159
1156,1160
1156,1162
1156,1166
1157,1156
1157,1163
1157,1165
1158,1156
1158,1161
1159,1156
1160,1156
1161,1158
1161,1164
1162,1156
1163,1157
1164,1161
1165,1157
1166,1156
1167,1168
1167,1169
1167,1170
1167,1171
1167,1172
1167,1176
1168,1167
1168,1174
1168,1175
1169,1167
1169,1173
1169,1177
1170,1167
1171,1167
1172,1167
1173,1169
1174,1168
1175,1168
1176,1167
1177,1169
1178,1179
1179,1178
1179,1180
1180,1179
1181,1182
1181,1183
1181,1184
1181,1185
1181,1187
1182,1181
1182,1186
1182,1188
1183,1181
1183,1189
1184,1181
1185,1181
1186,1182
1187,1181
1188,1182
1189,1183
1190,1191
1191,1190
1191,1192
1192,1191
1193,1194
1193,1196
1193,1197
1193,1198
1194,1193
1194,1195
1195,1194
1196,1193
1197,1193
1198,1193
1199,1200
1199,1201
1199,1204
1199,1206
1199,1208
1200,1199
1200,1202
1200,1203
1201,1199
1201,1205
1201,1207
1202,1200
1203,1200
1204,1199
1205,1201
1206,1199
1207,1201
1208,1199
1209,1210
1210,1209
1210,1211
1210,1212
1211,1210
1212,1210
1213,1214
1213,1217
1213,1218
1213,1219
1213,1220
1214,1213
1214,1215
1214,1216
1215,1214
1216,1214
1217,1213
1217,1221
1217,1222
1218,1213
1219,1213
1220,1213
1221,1217
1222,1217
1223,1224
1223,1225
1223,1226
1223,1229
1223,1230
1224,1223
1224,1227
1224,1228
1225,1223
1225,1231
1225,1232
1226,1223
1227,1224
1228,1224
1229,1223
1230,1223
1231,1225
1232,1225
1233,1234
1234,1233
1234,1235
1234,1236
1235,1234
1236,1234
1237,1238
1238,1237
1238,1239
1238,1240
1239,1238
1240,1238
1240,1241
1240,1242
1240,1243
1240,1244
1241,1240
1242,1240
1243,1240
1244,1240
1245,1246
1246,1245
1246,1247
1246,1248
1247,1246
1248,1246
1249,1250
1249,1251
1249,1252
1249,1253
1249,1255
1249,1257
1250,1249
1250,1254
1250,1261
1251,1249
1251,1256
1251,1258
1251,1260
1252,1249
1253,1249
1254,1250
1255,1249
1256,1251
1256,1259
1257,1249
1258,1251
1259,1256
1260,1251
1261,1250
1262,1263
1262,1264
1262,1265
1262,1266
1262,1267
1263,1262
1263,1268
1263,1273
1264,1262
1264,1269
1264,1270
1265,1262
1266,1262
1267,1262
1268,1263
1269,1264
1269,1271
1269,1272
1270,1264
1271,1269
1272,1269
1273,1263
1274,1275
1274,1277
1274,1278
1274,1279
1274,1281
1274,1283
1275,1274
1275,1276
1275,1280
1276,1275
1277,1274
1277,1282
1277,1284
1278,1274
1279,1274
1280,1275
1281,1274
1282,1277
1283,1274
1284,1277
1285,1286
1286,1285
1286,1287
1286,1291
1287,1286
1287,1288
1287,1289
1287,1290
1287,1292
1288,1287
1289,1287
1290,1287
1291,1286
1292,1287
1293,1294
1294,1293
1294,1295
1294,1296
1295,1294
1296,1294
1296,1297
1296,1298
1296,1299
1297,1296
1298,1296
1299,1296
1300,1301
1300,1304
1300,1305
1300,1306
1300,1307
1300,1308
1301,1300
1301,1302
1301,1303
1302,1301
1303,1301
1304,1300
1305,1300
1306,1300
1307,1300
1308,1300
1309,1310
1309,1313
1309,1314
1309,1315
1309,1316
1309,1317
1310,1309
1310,1311
1310,1312
1311,1310
1312,1310
1313,1309
1313,1318
1313,1319
1314,1309
1315,1309
1316,1309
1317,1309
1318,1313
1318,1320
1319,1313
1320,1318
1321,1322
1322,1321
1322,1323
1322,1324
1323,1322
1324,1322
1324,1325
1325,1324
1326,1327
1326,1328
1326,1330
1326,1333
1326,1334
1327,1326
1327,1329
1327,1332
1328,1326
1328,1331
1328,1335
1329,1327
1330,1326
1331,1328
1332,1327
1333,1326
1334,1326
1335,1328
1336,1337
1336,1339
1336,1340
1336,1341
1336,1343
1337,1336
1337,1338
1337,1344
1338,1337
1339,1336
1339,1342
1339,1346
1339,1347
1340,1336
1341,1336
1342,1339
1342,1345
1342,1348
1343,1336
1344,1337
1345,1342
1346,1339
1347,1339
1348,1342
1349,1350
1350,1349
1350,1351
1350,1352
1351,1350
1351,1353
1351,1354
1351,1355
1352,1350
1353,1351
1353,1356
1354,1351
1355,1351
1356,1353
1357,1358
1357,1359
1357,1360
1357,1361
1357,1362
1357,1363
1358,1357
1359,1357
1360,1357
1361,1357
1362,1357
1363,1357
1364,1365
1364,1366
1364,1367
1364,1368
1365,1364
1366,1364
1367,1364
1368,1364
1369,1370
1369,1371
1369,1372
1369,1373
1369,1374
1370,1369
1371,1369
1372,1369
1373,1369
1374,1369
1375,1376
1376,1375
1377,1378
1378,1377
1379,1380
1379,1381
1379,1382
1379,1383
1379,1384
1379,1386
1380,1379
1381,1379
1381,1385
1381,1387
1382,1379
1383,1379
1384,1379
1385,1381
1386,1379
1387,1381
1388,1389
1388,1390
1388,1391
1388,1392
1388,1393
1389,1388
1390,1388
1391,1388
1392,1388
1393,1388
1394,1395
1395,1394
1396,1397
1396,1398
1396,1399
1396,1400
1396,1401
1397,1396
1398,1396
1398,1402
1398,1403
1399,1396
1400,1396
1401,1396
1401,1404
1401,1405
1401,1406
1402,1398
1403,1398
1404,1401
1405,1401
1406,1401
1407,1408
1407,1409
1407,1410
1407,1411
1407,1412
1408,1407
1409,1407
1410,1407
1411,1407
1411,1413
1412,1407
1413,1411
1414,1415
1414,1416
1414,1417
1414,1418
1414,1423
1415,1414
1416,1414
1416,1419
1416,1420
1417,1414
1417,1421
1418,1414
1419,1416
1419,1422
1420,1416
1421,1417
1422,1419
1423,1414
1424,1425
1424,1426
1424,1427
1424,1428
1424,1430
1424,1432
1425,1424
1426,1424
1426,1429
1427,1424
1427,1431
1428,1424
1429,1426
1430,1424
1431,1427
1432,1424
1433,1434
1433,1435
1433,1436
1433,1437
1433,1438
1433,1440
1434,1433
1435,1433
1435,1441
1435,1442
1435,1443
1436,1433
1436,1439
1436,1444
1437,1433
1438,1433
1439,1436
1440,1433
1441,1435
1442,1435
1443,1435
1444,1436
1445,1446
1445,1447
1445,1448
1445,1449
1445,1450
1446,1445
1447,1445
1448,1445
1449,1445
1450,1445
1451,1452
1451,1453
1451,1454
1451,1455
1451,1456
1451,1457
1452,1451
1453,1451
1453,1459
1454,1451
1455,1451
1456,1451
1456,1458
1457,1451
1458,1456
1459,1453
1460,1461
1460,1462
1460,1463
1460,1464
1460,1465
1460,1466
1461,1460
1462,1460
1463,1460
1464,1460
1465,1460
1466,1460
1467,1468
1467,1469
1467,1470
1467,1471
1468,1467
1469,1467
1469,1472
1470,1467
1471,1467
1472,1469
1473,1474
1473,1475
1473,1476
1473,1477
1473,1478
1474,1473
1475,1473
1475,1479
1476,1473
1477,1473
1478,1473
1479,1475
1480,1481
1480,1482
1481,1480
1482,1480
1483,1484
1483,1485
1483,1486
1484,1483
1485,1483
1486,1483
1487,1488
1487,1489
1487,1490
1487,1491
1488,1487
1489,1487
1489,1492
1490,1487
1491,1487
1492,1489
1493,1494
1493,1495
1493,1496
1493,1497
1493,1498
1493,1503
1494,1493
1495,1493
1495,1499
1495,1500
1495,1502
1496,1493
1496,1501
1497,1493
1498,1493
1499,1495
1500,1495
1501,1496
1502,1495
1503,1493
1504,1505
1504,1506
1504,1507
1504,1508
1504,1509
1505,1504
1506,1504
1506,1510
1506,1512
1507,1504
1507,1511
1508,1504
1509,1504
1510,1506
1510,1513
1511,1507
1512,1506
1513,1510
1514,1515
1515,1514
1516,1517
1516,1518
1516,1519
1516,1520
1516,1523
1516,1524
1517,1516
1518,1516
1518,1521
1518,1522
1518,1526
1519,1516
1520,1516
1521,1518
1521,1525
1521,1527
1522,1518
1523,1516
1524,1516
1525,1521
1526,1518
1527,1521
1528,1529
1528,1530
1529,1528
1530,1528
1531,1532
1531,1533
1531,1534
1532,1531
1533,1531
1534,1531
1535,1536
1535,1537
1535,1538
1535,1539
1535,1540
1535,1541
1536,1535
1537,1535
1538,1535
1538,1542
1539,1535
1540,1535
1541,1535
1542,1538
1543,1544
1544,1543
1544,1545
1545,1544
1546,1547
1546,1549
1546,1550
1547,1546
1547,1548
1548,1547
1549,1546
1550,1546
1551,1552
1551,1553
1551,1554
1551,1557
1552,1551
1553,1551
1553,1555
1554,1551
1555,1553
1555,1556
1555,1558
1556,1555
1557,1551
1558,1555
1559,1560
1559,1562
1559,1563
1559,1564
1560,1559
1560,1561
1561,1560
1562,1559
1563,1559
1564,1559
1565,1566
1566,1565
1566,1567
1567,1566
1567,1568
1568,1567
1569,1570
1569,1572
1569,1573
1569,1574
1570,1569
1570,1571
1571,1570
1572,1569
1572,1575
1572,1576
1573,1569
1574,1569
1574,1577
1574,1578
1575,1572
1575,1579
1576,1572
1577,1574
1578,1574
1579,1575
1580,1581
1581,1580
1581,1582
1582,1581
1582,1583
1582,1584
1583,1582
1584,1582
1585,1586
1585,1588
1585,1589
1585,1591
1586,1585
1586,1587
1587,1586
1588,1585
1588,1590
1588,1592
1589,1585
1590,1588
1591,1585
1592,1588
1593,1594
1593,1595
1593,1596
1594,1593
1595,1593
1595,1597
1596,1593
1596,1598
1597,1595
1598,1596
1599,1600
1599,1601
1599,1604
1600,1599
1600,1602
1601,1599
1601,1603
1602,1600
1603,1601
1604,1599
1605,1606
1606,1605
1607,1608
1608,1607
1608,1609
1609,1608
1610,1611
1611,1610
1611,1612
1612,1611
1612,1613
1612,1614
1613,1612
1614,1612
1615,1616
1615,1617
1615,1618
1615,1619
1616,1615
1616,1620
1617,1615
1617,1621
1618,1615
1619,1615
1619,1622
1619,1623
1619,1624
1620,1616
1621,1617
1622,1619
1623,1619
1624,1619
1625,1626
1626,1625
1626,1627
1627,1626
1627,1628
1628,1627
1629,1630
1629,1632
1630,1629
1630,1631
1631,1630
1632,1629
1633,1634
1633,1636
1633,1637
1633,1639
1634,1633
1634,1635
1635,1634
1636,1633
1636,1638
1636,1640
1637,1633
1638,1636
1638,1641
1639,1633
1640,1636
1641,1638
1642,1643
1642,1645
1642,1646
1642,1648
1643,1642
1643,1644
1644,1643
1645,1642
1645,1647
1646,1642
1647,1645
1648,1642
1649,1650
1649,1651
1649,1652
1649,1654
1650,1649
1650,1653
1651,1649
1651,1655
1651,1656
1652,1649
1652,1659
1652,1661
1653,1650
1654,1649
1655,1651
1655,1657
1655,1658
1655,1660
1655,1662
1656,1651
1657,1655
1658,1655
1659,1652
1660,1655
1661,1652
1662,1655
1663,1664
1663,1666
1663,1668
1664,1663
1664,1665
1665,1664
1666,1663
1666,1667
1667,1666
1668,1663
1669,1670
1670,1669
1670,1671
1671,1670
1671,1672
1671,1673
1672,1671
1672,1674
1673,1671
1674,1672
1675,1676
1675,1677
1675,1678
1676,1675
1676,1679
1677,1675
1678,1675
1679,1676
1680,1681
1680,1683
1680,1684
1681,1680
1681,1682
1682,1681
1683,1680
1684,1680
1685,1686
1686,1685
1686,1687
1687,1686
1688,1689
1689,1688
1690,1691
1691,1690
1691,1692
1692,1691
1692,1693
1692,1694
1692,1695
1693,1692
1694,1692
1695,1692
1696,1697
1696,1699
1696,1700
1697,1696
1697,1698
1698,1697
1699,1696
1699,1701
1699,1703
1700,1696
1700,1702
1701,1699
1702,1700
1703,1699
1704,1705
1704,1706
1704,1707
1705,1704
1706,1704
1706,1708
1706,1709
1707,1704
1708,1706
1708,1710
1708,1711
1709,1706
1710,1708
1711,1708
1712,1713
1712,1714
1712,1715
1712,1720
1713,1712
1713,1716
1714,1712
1714,1717
1714,1718
1714,1719
1715,1712
1716,1713
1717,1714
1717,1721
1718,1714
1718,1722
1719,1714
1720,1712
1721,1717
1722,1718
1723,1724
1724,1723
1725,1726
1726,1725
1726,1727
1726,1728
1727,1726
1727,1729
1727,1730
1727,1731
1728,1726
1729,1727
1730,1727
1731,1727
1732,1733
1732,1735
1732,1736
1732,1737
1733,1732
1733,1734
1733,1739
1734,1733
1735,1732
1735,1738
1736,1732
1737,1732
1737,1740
1738,1735
1739,1733
1740,1737
1741,1742
1741,1745
1742,1741
1742,1743
1742,1744
1743,1742
1743,1746
1743,1747
1744,1742
1745,1741
1746,1743
1746,1748
1746,1749
1747,1743
1748,1746
1749,1746
1750,1751
1750,1753
1750,1754
1750,1755
1751,1750
1751,1752
1751,1756
1752,1751
1753,1750
1754,1750
1755,1750
1756,1751
1757,1758
1757,1762
1758,1757
1758,1759
1758,1760
1759,1758
1759,1761
1760,1758
1761,1759
1762,1757
1763,1764
1763,1765
1764,1763
1765,1763
1766,1767
1766,1770
1766,1771
1767,1766
1767,1768
1767,1769
1768,1767
1769,1767
1770,1766
1771,1766
1772,1773
1772,1775
1773,1772
1773,1774
1773,1776
1774,1773
1774,1777
1775,1772
1776,1773
1777,1774
1778,1779
1778,1782
1778,1784
1779,1778
1779,1780
1779,1783
1780,1779
1780,1781
1781,1780
1782,1778
1783,1779
1784,1778
1785,1786
1785,1789
1785,1790
1785,1791
1786,1785
1786,1787
1786,1788
1787,1786
1788,1786
1789,1785
1789,1792
1789,1794
1789,1795
1790,1785
1790,1793
1791,1785
1792,1789
1792,1796
1793,1790
1794,1789
1794,1797
1795,1789
1796,1792
1797,1794
1798,1799
1798,1802
1798,1803
1799,1798
1799,1800
1799,1801
1800,1799
1800,1804
1801,1799
1802,1798
1802,1805
1803,1798
1804,1800
1805,1802
1806,1807
1806,1810
1807,1806
1807,1808
1807,1809
1808,1807
1809,1807
1809,1811
1809,1813
1810,1806
1811,1809
1811,1812
1812,1811
1813,1809
1814,1815
1814,1817
1814,1818
1814,1819
1815,1814
1815,1816
1815,1822
1816,1815
1816,1823
1817,1814
1817,1820
1817,1821
1818,1814
1819,1814
1820,1817
1821,1817
1822,1815
1823,1816
1824,1825
1824,1827
1824,1830
1825,1824
1825,1826
1825,1828
1826,1825
1826,1829
1827,1824
1828,1825
1829,1826
1830,1824
1831,1832
1831,1838
1832,1831
1832,1833
1832,1834
1833,1832
1834,1832
1834,1835
1834,1836
1834,1837
1835,1834
1836,1834
1837,1834
1838,1831
1839,1840
1839,1842
1839,1844
1839,1845
1840,1839
1840,1841
1840,1843
1841,1840
1842,1839
1842,1846
1842,1848
1843,1840
1843,1847
1844,1839
1845,1839
1845,1849
1846,1842
1847,1843
1848,1842
1849,1845
1850,1851
1850,1853
1850,1855
1851,1850
1851,1852
1851,1854
1852,1851
1853,1850
1854,1851
1855,1850
1856,1857
1857,1856
1857,1858
1858,1857
1858,1859
1858,1860
1859,1858
1860,1858
1861,1862
1861,1863
1861,1865
1861,1866
1862,1861
1863,1861
1863,1864
1864,1863
1865,1861
1866,1861
1867,1868
1867,1870
1867,1871
1868,1867
1868,1869
1868,1872
1869,1868
1870,1867
1871,1867
1872,1868
1873,1874
1873,1877
1874,1873
1874,1875
1874,1876
1875,1874
1875,1878
1875,1879
1876,1874
1877,1873
1878,1875
1879,1875
1880,1881
1880,1883
1881,1880
1881,1882
1881,1884
1882,1881
1883,1880
1883,1885
1884,1881
1885,1883
1886,1887
1887,1886
1887,1888
1887,1889
1888,1887
1888,1890
1889,1887
1890,1888
1891,1892
1891,1893
1892,1891
1892,1894
1893,1891
1894,1892
1895,1896
1896,1895
1896,1897
1896,1898
1897,1896
1898,1896
1898,1899
1898,1900
1899,1898
1900,1898
1901,1902
1901,1911
1902,1901
1902,1903
1902,1904
1903,1902
1904,1902
1904,1905
1904,1906
1904,1907
1905,1904
1905,1908
1905,1909
1905,1910
1906,1904
1907,1904
1908,1905
1909,1905
1910,1905
1911,1901
1912,1913
1913,1912
1913,1914
1913,1917
1914,1913
1914,1915
1914,1916
1915,1914
1916,1914
1917,1913
1918,1919
1918,1920
1918,1921
1918,1923
1919,1918
1919,1922
1919,1924
1920,1918
1920,1925
1920,1926
1921,1918
1922,1919
1923,1918
1924,1919
1925,1920
1926,1920
1927,1928
1927,1931
1928,1927
1928,1929
1928,1930
1929,1928
1930,1928
1930,1932
1930,1933
1931,1927
1932,1930
1933,1930
1934,1935
1934,1938
1934,1939
1935,1934
1935,1936
1935,1937
1936,1935
1936,1940
1937,1935
1938,1934
1938,1942
1939,1934
1939,1941
1940,1936
1941,1939
1942,1938
1943,1944
1943,1945
1944,1943
1945,1943
1946,1947
1946,1948
1947,1946
1948,1946
1948,1949
1948,1950
1949,1948
1950,1948
1951,1952
1951,1953
1952,1951
1953,1951
1954,1955
1955,1954
1956,1957
1956,1958
1957,1956
1958,1956
1958,1959
1959,1958
1960,1961
1960,1962
1961,1960
1962,1960
1963,1964
1963,1965
1964,1963
1965,1963
1965,1966
1965,1967
1966,1965
1966,1968
1966,1969
1967,1965
1968,1966
1969,1966
1970,1971
1970,1972
1971,1970
1972,1970
1972,1973
1972,1974
1973,1972
1974,1972
1975,1976
1975,1977
1976,1975
1977,1975
1977,1978
1977,1979
1977,1980
1978,1977
1979,1977
1980,1977
1981,1982
1981,1983
1982,1981
1983,1981
1984,1985
1984,1986
1985,1984
1986,1984
1987,1988
1987,1989
1988,1987
1989,1987
1989,1990
1989,1991
1989,1992
1990,1989
1991,1989
1992,1989
1993,1994
1993,1995
1994,1993
1995,1993
1995,1996
1995,1997
1995,1998
1996,1995
1996,1999
1997,1995
1997,2000
1998,1995
1999,1996
2000,1997
2001,2002
2001,2003
2002,2001
2003,2001
2003,2004
2004,2003
2005,2006
2005,2007
2006,2005
2007,2005
2008,2009
2008,2010
2009,2008
2010,2008
2011,2012
2012,2011
2013,2014
2013,2015
2014,2013
2015,2013
2016,2017
2016,2018
2017,2016
2018,2016
2019,2020
2020,2019
2021,2022
2021,2023
2022,2021
2023,2021
2024,2025
2025,2024
2026,2027
2026,2028
2027,2026
2028,2026
2028,2029
2028,2030
2029,2028
2030,2028
2031,2032
2031,2033
2032,2031
2033,2031
2033,2034
2033,2035
2034,2033
2034,2036
2035,2033
2036,2034
2037,2038
2037,2039
2038,2037
2039,2037
2039,2040
2040,2039
2041,2042
2041,2043
2042,2041
2043,2041
2043,2044
2043,2045
2044,2043
2045,2043
2046,2047
2046,2048
2047,2046
2048,2046
2048,2049
2049,2048
2050,2051
2050,2052
2051,2050
2052,2050
2052,2053
2052,2054
2053,2052
2054,2052
2055,2056
2055,2057
2056,2055
2057,2055
2057,2058
2057,2059
2058,2057
2059,2057
2060,2061
2060,2062
2060,2064
2061,2060
2061,2063
2062,2060
2063,2061
2064,2060
2065,2066
2065,2067
2065,2070
2066,2065
2066,2068
2067,2065
2067,2069
2067,2071
2067,2073
2068,2066
2069,2067
2069,2072
2070,2065
2071,2067
2072,2069
2073,2067
2074,2075
2074,2076
2075,2074
2075,2077
2076,2074
2077,2075
2078,2079
2078,2080
2078,2083
2079,2078
2079,2081
2080,2078
2080,2082
2080,2084
2081,2079
2082,2080
2082,2085
2083,2078
2084,2080
2085,2082
2086,2087
2086,2089
2086,2090
2087,2086
2087,2088
2088,2087
2089,2086
2089,2091
2089,2092
2090,2086
2091,2089
2092,2089
2093,2094
2093,2096
2093,2097
2094,2093
2094,2095
2095,2094
2096,2093
2096,2098
2096,2099
2097,2093
2098,2096
2098,2100
2099,2096
2100,2098
2101,2102
2101,2103
2101,2104
2102,2101
2102,2105
2103,2101
2103,2106
2103,2107
2104,2101
2105,2102
2106,2103
2107,2103
2108,2109
2108,2111
2108,2112
2109,2108
2109,2110
2110,2109
2111,2108
2112,2108
2113,2114
2114,2113
2114,2115
2115,2114
2116,2117
2116,2118
2116,2120
2117,2116
2117,2119
2118,2116
2119,2117
2120,2116
2120,2121
2120,2122
2121,2120
2122,2120
2123,2124
2124,2123
2124,2125
2125,2124
2125,2126
2126,2125
2127,2128
2127,2130
2128,2127
2128,2129
2129,2128
2130,2127
2131,2132
2131,2133
2131,2134
2132,2131
2132,2135
2133,2131
2133,2136
2133,2137
2133,2138
2134,2131
2135,2132
2136,2133
2137,2133
2138,2133
2139,2140
2140,2139
2141,2142
2142,2141
2143,2144
2143,2145
2143,2147
2144,2143
2145,2143
2145,2146
2146,2145
2147,2143
2148,2149
2148,2150
2148,2151
2149,2148
2149,2153
2150,2148
2150,2152
2150,2155
2151,2148
2152,2150
2152,2154
2153,2149
2154,2152
2155,2150
2156,2157
2156,2159
2156,2163
2157,2156
2157,2158
2158,2157
2159,2156
2159,2160
2159,2161
2159,2162
2160,2159
2161,2159
2162,2159
2163,2156
2164,2165
2164,2167
2164,2168
2165,2164
2165,2166
2166,2165
2167,2164
2168,2164
2168,2169
2168,2170
2169,2168
2170,2168
2171,2172
2171,2174
2172,2171
2172,2173
2173,2172
2174,2171
2174,2175
2174,2176
2175,2174
2176,2174
2177,2178
2177,2180
2177,2181
2178,2177
2178,2179
2179,2178
2180,2177
2181,2177
2182,2183
2182,2185
2183,2182
2183,2184
2184,2183
2185,2182
2185,2186
2185,2187
2186,2185
2187,2185
2188,2189
2188,2191
2188,2194
2189,2188
2189,2190
2190,2189
2191,2188
2191,2192
2191,2193
2192,2191
2193,2191
2194,2188
2195,2196
2196,2195
2196,2197
2197,2196
2198,2199
2198,2201
2198,2202
2199,2198
2199,2200
2200,2199
2201,2198
2202,2198
2202,2203
2203,2202
2204,2205
2205,2204
2206,2207
2206,2209
2207,2206
2207,2208
2208,2207
2209,2206
2210,2211
2211,2210
2211,2212
2212,2211
2213,2214
2213,2215
2213,2216
2214,2213
2214,2220
2215,2213
2215,2217
2215,2218
2215,2219
2216,2213
2217,2215
2217,2221
2217,2223
2218,2215
2218,2222
2219,2215
2220,2214
2221,2217
2222,2218
2223,2217
2224,2225
2224,2226
2225,2224
2226,2224
2226,2227
2226,2228
2227,2226
2228,2226
2229,2230
2229,2231
2229,2232
2229,2237
2230,2229
2231,2229
2231,2233
2231,2234
2231,2235
2232,2229
2233,2231
2233,2236
2234,2231
2235,2231
2236,2233
2237,2229
2238,2239
2238,2240
2238,2241
2238,2242
2239,2238
2240,2238
2241,2238
2242,2238
2243,2244
2243,2245
2243,2246
2243,2247
2243,2248
2243,2249
2244,2243
2245,2243
2245,2252
2246,2243
2247,2243
2248,2243
2249,2243
2249,2250
2249,2251
2250,2249
2251,2249
2252,2245
2253,2254
2253,2255
2253,2256
2253,2257
2253,2258
2254,2253
2255,2253
2255,2259
2256,2253
2257,2253
2258,2253
2259,2255
2260,2261
2260,2262
2260,2263
2261,2260
2262,2260
2263,2260
2264,2265
2264,2266
2264,2267
2264,2268
2264,2270
2264,2271
2265,2264
2266,2264
2266,2269
2267,2264
2268,2264
2269,2266
2270,2264
2271,2264
2272,2273
2272,2274
2272,2275
2272,2277
2272,2278
2273,2272
2274,2272
2274,2276
2275,2272
2276,2274
2277,2272
2278,2272
2279,2280
2279,2281
2279,2282
2279,2283
2279,2284
2279,2286
2280,2279
2281,2279
2282,2279
2283,2279
2283,2285
2283,2287
2283,2288
2284,2279
2285,2283
2286,2279
2287,2283
2288,2283
2289,2290
2289,2291
2289,2292
2289,2293
2290,2289
2291,2289
2292,2289
2293,2289
2294,2295
2294,2296
2294,2297
2294,2298
2294,2299
2295,2294
2296,2294
2297,2294
2298,2294
2299,2294
2300,2301
2300,2302
2300,2303
2301,2300
2302,2300
2303,2300
2304,2305
2304,2306
2304,2307
2304,2308
2304,2311
2305,2304
2306,2304
2306,2309
2306,2310
2306,2312
2307,2304
2307,2313
2308,2304
2309,2306
2310,2306
2311,2304
2312,2306
2313,2307
2314,2315
2314,2316
2314,2317
2314,2318
2314,2319
2314,2321
2315,2314
2316,2314
2317,2314
2317,2320
2318,2314
2319,2314
2320,2317
2321,2314
2322,2323
2322,2324
2322,2325
2322,2326
2323,2322
2324,2322
2324,2327
2324,2328
2325,2322
2326,2322
2327,2324
2328,2324
2329,2330
2329,2331
2329,2332
2329,2333
2329,2334
2330,2329
2331,2329
2332,2329
2333,2329
2334,2329
2335,2336
2335,2337
2335,2338
2335,2339
2336,2335
2337,2335
2338,2335
2339,2335
2340,2341
2340,2342
2340,2343
2340,2344
2340,2345
2340,2347
2341,2340
2342,2340
2342,2348
2343,2340
2343,2346
2343,2349
2344,2340
2345,2340
2346,2343
2347,2340
2348,2342
2349,2343
2350,2351
2350,2352
2350,2353
2350,2354
2351,2350
2352,2350
2352,2355
2353,2350
2354,2350
2355,2352
2356,2357
2356,2358
2356,2359
2356,2360
2356,2361
2356,2362
2357,2356
2358,2356
2358,2363
2358,2364
2358,2365
2359,2356
2359,2366
2360,2356
2361,2356
2362,2356
2363,2358
2363,2367
2364,2358
2365,2358
2366,2359
2367,2363
2368,2369
2368,2370
2368,2371
2368,2373
2369,2368
2370,2368
2370,2372
2370,2374
2371,2368
2372,2370
2373,2368
2374,2370
2375,2376
2375,2377
2375,2379
2375,2382
2375,2385
2376,2375
2377,2375
2377,2378
2377,2381
2377,2383
2378,2377
2378,2380
2378,2384
2379,2375
2380,2378
2381,2377
2382,2375
2383,2377
2384,2378
2385,2375
2386,2387
2386,2388
2386,2390
2386,2392
2386,2393
2386,2397
2387,2386
2388,2386
2388,2389
2388,2391
2388,2395
2389,2388
2389,2394
2389,2396
2390,2386
2391,2388
2392,2386
2393,2386
2394,2389
2395,2388
2396,2389
2397,2386
2398,2399
2398,2400
2398,2401
2398,2403
2398,2405
2399,2398
2400,2398
2400,2402
2400,2404
2401,2398
2402,2400
2402,2406
2402,2407
2403,2398
2404,2400
2405,2398
2406,2402
2407,2402
2408,2409
2408,2410
2408,2411
2408,2412
2408,2414
2409,2408
2410,2408
2410,2413
2411,2408
2412,2408
2413,2410
2414,2408
2415,2416
2415,2417
2415,2418
2415,2420
2415,2421
2416,2415
2417,2415
2417,2419
2418,2415
2419,2417
2420,2415
2421,2415
2422,2423
2422,2424
2422,2425
2422,2426
2422,2427
2423,2422
2424,2422
2425,2422
2426,2422
2427,2422
2428,2429
2428,2431
2428,2433
2428,2436
2429,2428
2429,2430
2430,2429
2431,2428
2431,2432
2431,2434
2431,2435
2432,2431
2432,2437
2433,2428
2434,2431
2435,2431
2436,2428
2437,2432
2438,2439
2438,2440
2438,2441
2438,2442
2439,2438
2439,2447
2440,2438
2440,2443
2440,2445
2441,2438
2441,2444
2441,2446
2442,2438
2443,2440
2444,2441
2445,2440
2446,2441
2447,2439
2448,2449
2448,2450
2448,2451
2449,2448
2450,2448
2450,2452
2450,2453
2450,2455
2450,2456
2451,2448
2451,2454
2451,2457
2452,2450
2453,2450
2454,2451
2455,2450
2456,2450
2457,2451
2458,2459
2459,2458
2459,2460
2460,2459
2461,2462
2461,2463
2462,2461
2462,2464
2463,2461
2464,2462
2465,2466
2466,2465
2466,2467
2467,2466
2468,2469
2469,2468
2469,2470
2470,2469
2470,2471
2470,2472
2471,2470
2471,2473
2471,2474
2471,2477
2471,2478
2471,2479
2472,2470
2472,2475
2472,2476
2473,2471
2474,2471
2475,2472
2476,2472
2477,2471
2478,2471
2479,2471
2480,2481
2480,2483
2481,2480
2481,2482
2482,2481
2483,2480
2484,2485
2485,2484
2486,2487
2487,2486
2487,2488
2488,2487
2488,2489
2488,2490
2489,2488
2489,2491
2489,2492
2489,2493
2490,2488
2491,2489
2492,2489
2493,2489
2494,2495
2494,2496
2494,2501
2495,2494
2495,2502
2496,2494
2496,2497
2496,2498
2496,2499
2496,2500
2497,2496
2497,2503
2497,2504
2498,2496
2499,2496
2500,2496
2501,2494
2502,2495
2503,2497
2504,2497
2505,2506
2505,2507
2506,2505
2506,2508
2507,2505
2508,2506
2509,2510
2509,2512
2509,2517
2510,2509
2510,2511
2511,2510
2512,2509
2512,2513
2512,2514
2512,2515
2512,2516
2512,2518
2513,2512
2513,2519
2513,2520
2514,2512
2515,2512
2516,2512
2517,2509
2518,2512
2519,2513
2520,2513
2521,2522
2522,2521
2523,2524
2524,2523
2524,2525
2525,2524
2525,2526
2525,2527
2526,2525
2527,2525
2528,2529
2528,2531
2528,2532
2529,2528
2529,2530
2530,2529
2531,2528
2531,2533
2531,2534
2532,2528
2533,2531
2534,2531
2535,2536
2535,2538
2535,2539
2535,2540
2536,2535
2536,2537
2537,2536
2538,2535
2538,2541
2538,2543
2539,2535
2539,2542
2539,2544
2539,2545
2540,2535
2541,2538
2541,2547
2541,2548
2542,2539
2542,2546
2543,2538
2544,2539
2545,2539
2546,2542
2547,2541
2548,2541
2549,2550
2549,2551
2549,2553
2549,2556
2550,2549
2550,2552
2551,2549
2551,2555
2551,2557
2552,2550
2553,2549
2553,2554
2553,2558
2554,2553
2555,2551
2556,2549
2557,2551
2558,2553
2559,2560
2559,2561
2559,2562
2559,2563
2560,2559
2561,2559
2561,2564
2562,2559
2562,2565
2562,2566
2563,2559
2564,2561
2565,2562
2566,2562
2567,2568
2568,2567
2568,2569
2569,2568
2570,2571
2570,2572
2571,2570
2572,2570
2572,2573
2573,2572
2574,2575
2574,2577
2574,2578
2574,2587
2575,2574
2575,2576
2576,2575
2577,2574
2577,2579
2577,2580
2577,2582
2577,2584
2577,2586
2578,2574
2578,2581
2578,2583
2579,2577
2580,2577
2581,2578
2581,2585
2581,2588
2582,2577
2583,2578
2584,2577
2585,2581
2586,2577
2587,2574
2588,2581
2589,2590
2589,2592
2589,2593
2589,2594
2590,2589
2590,2591
2591,2590
2592,2589
2592,2595
2592,2598
2592,2600
2593,2589
2593,2596
2593,2597
2593,2599
2594,2589
2595,2592
2596,2593
2597,2593
2598,2592
2599,2593
2600,2592
2601,2602
2602,2601
2602,2603
2603,2602
2603,2604
2603,2605
2604,2603
2604,2606
2604,2607
2605,2603
2606,2604
2607,2604
2608,2609
2608,2610
2608,2611
2608,2618
2609,2608
2609,2619
2610,2608
2610,2613
2610,2614
2610,2615
2610,2616
2611,2608
2611,2612
2612,2611
2612,2617
2612,2620
2613,2610
2614,2610
2615,2610
2616,2610
2617,2612
2618,2608
2619,2609
2620,2612
2621,2622
2621,2624
2621,2627
2622,2621
2622,2623
2623,2622
2624,2621
2624,2625
2624,2626
2625,2624
2626,2624
2627,2621
2628,2629
2628,2630
2628,2631
2628,2636
2629,2628
2629,2632
2630,2628
2630,2633
2630,2634
2630,2635
2631,2628
2632,2629
2633,2630
2633,2637
2634,2630
2635,2630
2636,2628
2637,2633
2638,2639
2638,2640
2639,2638
2640,2638
2641,2642
2641,2644
2642,2641
2642,2643
2643,2642
2644,2641
2645,2646
2645,2647
2645,2648
2646,2645
2646,2649
2647,2645
2647,2650
2647,2651
2647,2653
2648,2645
2649,2646
2650,2647
2650,2652
2650,2654
2651,2647
2652,2650
2653,2647
2654,2650
2655,2656
2656,2655
2657,2658
2657,2659
2657,2660
2658,2657
2659,2657
2660,2657
2661,2662
2661,2663
2661,2664
2661,2665
2661,2666
2662,2661
2663,2661
2664,2661
2665,2661
2665,2667
2665,2668
2666,2661
2667,2665
2668,2665
2669,2670
2669,2671
2669,2672
2670,2669
2671,2669
2672,2669
2673,2674
2673,2675
2673,2676
2673,2677
2673,2678
2674,2673
2675,2673
2675,2679
2675,2683
2676,2673
2676,2680
2676,2681
2677,2673
2678,2673
2679,2675
2679,2682
2679,2684
2680,2676
2681,2676
2682,2679
2683,2675
2684,2679
2685,2686
2685,2687
2685,2688
2685,2689
2686,2685
2687,2685
2687,2690
2687,2691
2687,2692
2688,2685
2689,2685
2690,2687
2691,2687
2692,2687
2693,2694
2693,2695
2693,2696
2694,2693
2695,2693
2695,2697
2696,2693
2696,2698
2697,2695
2698,2696
2699,2700
2699,2701
2699,2702
2699,2704
2699,2705
2699,2707
2700,2699
2701,2699
2701,2703
2701,2708
2702,2699
2703,2701
2703,2706
2703,2709
2704,2699
2704,2710
2704,2711
2705,2699
2706,2703
2707,2699
2708,2701
2709,2703
2710,2704
2711,2704
2712,2713
2712,2714
2712,2715
2712,2716
2712,2719
2713,2712
2714,2712
2714,2717
2714,2718
2714,2720
2715,2712
2716,2712
2717,2714
2717,2721
2718,2714
2719,2712
2720,2714
2721,2717
2722,2723
2722,2724
2722,2725
2723,2722
2724,2722
2725,2722
2726,2727
2727,2726
2728,2729
2728,2730
2728,2731
2728,2732
2728,2733
2729,2728
2730,2728
2731,2728
2731,2734
2731,2735
2732,2728
2733,2728
2734,2731
2735,2731
2736,2737
2736,2738
2736,2739
2736,2740
2736,2741
2736,2745
2737,2736
2738,2736
2738,2742
2738,2744
2738,2746
2739,2736
2739,2743
2739,2747
2740,2736
2741,2736
2742,2738
2743,2739
2744,2738
2745,2736
2746,2738
2747,2739
2748,2749
2748,2750
2748,2751
2748,2752
2748,2753
2748,2754
2749,2748
2750,2748
2751,2748
2752,2748
2753,2748
2754,2748
2755,2756
2755,2757
2755,2758
2756,2755
2757,2755
2758,2755
2759,2760
2759,2761
2759,2762
2759,2763
2759,2764
2760,2759
2761,2759
2762,2759
2763,2759
2764,2759
2765,2766
2765,2767
2765,2768
2765,2769
2765,2770
2765,2771
2766,2765
2767,2765
2767,2772
2768,2765
2769,2765
2770,2765
2771,2765
2772,2767
2773,2774
2773,2775
2773,2776
2773,2777
2773,2778
2774,2773
2775,2773
2775,2779
2776,2773
2777,2773
2778,2773
2779,2775
2780,2781
2780,2782
2780,2783
2780,2784
2780,2787
2780,2788
2781,2780
2782,2780
2782,2785
2782,2786
2783,2780
2784,2780
2785,2782
2786,2782
2787,2780
2788,2780
2789,2790
2789,2791
2789,2792
2789,2793
2789,2794
2789,2795
2790,2789
2791,2789
2792,2789
2793,2789
2794,2789
2795,2789
2796,2797
2796,2798
2796,2799
2796,2800
2796,2801
2796,2802
2797,2796
2798,2796
2798,2803
2798,2804
2799,2796
2799,2805
2800,2796
2801,2796
2802,2796
2803,2798
2804,2798
2805,2799
2806,2807
2806,2808
2806,2809
2806,2811
2807,2806
2808,2806
2808,2810
2808,2812
2808,2813
2809,2806
2810,2808
2810,2814
2810,2815
2810,2817
2811,2806
2812,2808
2812,2816
2813,2808
2814,2810
2815,2810
2816,2812
2817,2810
2818,2819
2818,2820
2818,2821
2818,2822
2818,2823
2818,2824
2819,2818
2820,2818
2821,2818
2822,2818
2822,2825
2823,2818
2823,2826
2824,2818
2825,2822
2826,2823
2827,2828
2827,2829
2827,2830
2827,2831
2827,2834
2827,2836
2828,2827
2829,2827
2829,2832
2829,2833
2830,2827
2830,2835
2830,2837
2830,2838
2831,2827
2832,2829
2833,2829
2834,2827
2835,2830
2836,2827
2837,2830
2838,2830
2839,2840
2839,2841
2839,2842
2839,2843
2840,2839
2841,2839
2842,2839
2843,2839
2844,2845
2844,2846
2844,2847
2844,2848
2844,2849
2844,2850
2845,2844
2846,2844
2846,2851
2846,2852
2847,2844
2847,2853
2847,2854
2848,2844
2849,2844
2850,2844
2851,2846
2852,2846
2853,2847
2854,2847
2855,2856
2855,2857
2855,2858
2855,2859
2855,2860
2855,2863
2856,2855
2857,2855
2857,2861
2857,2862
2858,2855
2859,2855
2860,2855
2861,2857
2862,2857
2863,2855
2864,2865
2864,2866
2864,2867
2864,2868
2865,2864
2866,2864
2867,2864
2868,2864
2869,2870
2869,2871
2869,2872
2869,2873
2869,2876
2870,2869
2871,2869
2871,2874
2871,2875
2871,2877
2872,2869
2873,2869
2874,2871
2874,2878
2875,2871
2876,2869
2877,2871
2878,2874
2879,2880
2880,2879
2881,2882
2881,2883
2881,2884
2881,2885
2882,2881
2883,2881
2883,2886
2883,2887
2883,2889
2883,2892
2884,2881
2884,2888
2885,2881
2886,2883
2886,2890
2886,2891
2887,2883
2888,2884
2889,2883
2890,2886
2891,2886
2892,2883
2893,2894
2893,2895
2893,2898
2894,2893
2895,2893
2895,2896
2895,2897
2895,2899
2896,2895
2897,2895
2897,2900
2897,2901
2898,2893
2899,2895
2900,2897
2901,2897
2902,2903
2902,2904
2902,2905
2902,2907
2903,2902
2904,2902
2904,2906
2905,2902
2905,2908
2906,2904
2907,2902
2908,2905
2909,2910
2909,2911
2909,2912
2909,2913
2910,2909
2911,2909
2911,2914
2911,2915
2911,2921
2912,2909
2912,2920
2913,2909
2913,2916
2913,2919
2913,2923
2914,2911
2914,2917
2915,2911
2915,2918
2915,2922
2916,2913
2917,2914
2918,2915
2919,2913
2920,2912
2921,2911
2922,2915
2923,2913
2924,2925
2924,2926
2924,2927
2924,2928
2925,2924
2926,2924
2926,2929
2926,2930
2927,2924
2928,2924
2929,2926
2930,2926
2931,2932
2931,2933
2931,2934
2931,2938
2932,2931
2933,2931
2933,2935
2933,2936
2934,2931
2934,2939
2935,2933
2935,2937
2936,2933
2937,2935
2938,2931
2939,2934
2940,2941
2940,2942
2940,2943
2941,2940
2942,2940
2942,2944
2943,2940
2944,2942
2945,2946
2945,2947
2945,2948
2945,2949
2946,2945
2947,2945
2947,2952
2948,2945
2948,2951
2949,2945
2949,2950
2950,2949
2951,2948
2952,2947
2953,2954
2953,2955
2953,2956
2953,2959
2954,2953
2955,2953
2955,2957
2955,2958
2955,2960
2955,2961
2956,2953
2957,2955
2958,2955
2959,2953
2960,2955
2961,2955
2962,2963
2962,2964
2962,2965
2962,2966
2963,2962
2964,2962
2965,2962
2966,2962
2967,2968
2967,2969
2967,2970
2967,2971
2968,2967
2969,2967
2969,2975
2970,2967
2970,2972
2970,2974
2970,2977
2971,2967
2971,2973
2971,2976
2972,2970
2973,2971
2974,2970
2975,2969
2976,2971
2977,2970
2978,2979
2978,2980
2978,2981
2979,2978
2980,2978
2981,2978
2982,2983
2982,2984
2982,2985
2983,2982
2984,2982
2984,2986
2984,2987
2984,2988
2984,2989
2985,2982
2985,2990
2986,2984
2987,2984
2988,2984
2989,2984
2990,2985
2991,2992
2991,2993
2991,2994
2992,2991
2993,2991
2994,2991
2995,2996
2995,2997
2995,2998
2995,3000
2996,2995
2997,2995
2997,2999
2997,3001
2997,3002
2998,2995
2999,2997
3000,2995
3001,2997
3002,2997
3003,3004
3003,3005
3003,3006
3003,3008
3004,3003
3005,3003
3005,3007
3006,3003
3006,3009
3007,3005
3008,3003
3009,3006
3010,3011
3010,3012
3010,3013
3011,3010
3012,3010
3012,3014
3012,3015
3012,3017
3013,3010
3013,3016
3014,3012
3015,3012
3016,3013
3017,3012
3018,3019
3018,3020
3018,3021
3018,3022
3019,3018
3020,3018
3020,3023
3020,3026
3020,3027
3021,3018
3021,3024
3021,3025
3022,3018
3023,3020
3024,3021
3025,3021
3025,3028
3026,3020
3027,3020
3028,3025
3029,3030
3029,3031
3030,3029
3031,3029
3032,3033
3032,3034
3032,3035
3032,3038
3033,3032
3034,3032
3034,3036
3034,3039
3034,3040
3034,3042
3035,3032
3035,3037
3035,3043
3036,3034
3037,3035
3037,3041
3038,3032
3039,3034
3040,3034
3041,3037
3042,3034
3043,3035
3044,3045
3044,3046
3044,3047
3044,3049
3045,3044
3046,3044
3046,3051
3046,3053
3047,3044
3047,3048
3047,3050
3048,3047
3049,3044
3049,3052
3050,3047
3051,3046
3052,3049
3053,3046
3054,3055
3055,3054
3056,3057
3056,3058
3056,3059
3056,3061
3057,3056
3058,3056
3058,3060
3058,3062
3059,3056
3060,3058
3061,3056
3062,3058
3063,3064
3063,3065
3063,3066
3064,3063
3065,3063
3065,3067
3065,3068
3066,3063
3066,3069
3067,3065
3068,3065
3068,3070
3068,3071
3069,3066
3070,3068
3071,3068
3072,3073
3072,3074
3072,3075
3072,3076
3073,3072
3074,3072
3075,3072
3075,3078
3075,3079
3075,3081
3076,3072
3076,3077
3076,3080
3077,3076
3078,3075
3079,3075
3080,3076
3081,3075
3082,3083
3082,3084
3083,3082
3084,3082
3085,3086
3085,3087
3085,3088
3086,3085
3087,3085
3087,3091
3088,3085
3088,3089
3088,3090
3089,3088
3090,3088
3091,3087
3092,3093
3093,3092
3094,3095
3094,3096
3095,3094
3096,3094
3096,3097
3096,3098
3097,3096
3098,3096
3099,3100
3099,3101
3100,3099
3101,3099
3101,3102
3101,3103
3102,3101
3103,3101
3104,3105
3105,3104
3106,3107
3106,3108
3107,3106
3108,3106
3108,3109
3108,3110
3109,3108
3109,3111
3110,3108
3111,3109
3112,3113
3113,3112
3114,3115
3114,3116
3115,3114
3116,3114
3117,3118
3117,3119
3118,3117
3119,3117
3119,3120
3119,3121
3120,3119
3121,3119
3122,3123
3122,3124
3123,3122
3124,3122
3124,3125
3125,3124
3126,3127
3126,3128
3127,3126
3128,3126
3128,3129
3128,3130
3129,3128
3130,3128
3131,3132
3131,3133
3132,3131
3133,3131
3134,3135
3135,3134
3136,3137
3136,3138
3137,3136
3138,3136
3139,3140
3139,3141
3140,3139
3141,3139
3141,3142
3142,3141
3143,3144
3143,3145
3144,3143
3145,3143
3145,3146
3145,3147
3145,3148
3146,3145
3147,3145
3148,3145
3149,3150
3149,3151
3150,3149
3151,3149
3151,3152
3151,3153
3151,3154
3152,3151
3152,3155
3152,3156
3152,3157
3153,3151
3154,3151
3155,3152
3156,3152
3157,3152
3158,3159
3158,3160
3159,3158
3160,3158
3160,3161
3160,3162
3161,3160
3162,3160
3163,3164
3163,3165
3164,3163
3165,3163
3166,3167
3166,3168
3167,3166
3168,3166
3169,3170
3169,3171
3170,3169
3171,3169
3171,3172
3172,3171
3173,3174
3173,3175
3174,3173
3175,3173
3176,3177
3176,3178
3177,3176
3178,3176
3178,3179
3178,3180
3179,3178
3180,3178
3181,3182
3182,3181
3183,3184
3183,3185
3184,3183
3185,3183
3185,3186
3185,3187
3185,3188
3186,3185
3187,3185
3188,3185
3189,3190
3189,3191
3190,3189
3191,3189
3192,3193
3192,3194
3193,3192
3194,3192
3194,3195
3194,3196
3195,3194
3195,3197
3195,3198
3196,3194
3197,3195
3198,3195
3199,3200
3199,3201
3200,3199
3201,3199
3201,3202
3201,3203
3202,3201
3203,3201
3204,3205
3204,3206
3205,3204
3206,3204
3207,3208
3208,3207
3209,3210
3209,3211
3210,3209
3211,3209
3211,3212
3211,3213
3211,3216
3212,3211
3213,3211
3213,3214
3213,3215
3213,3217
3214,3213
3215,3213
3216,3211
3217,3213
3218,3219
3218,3220
3218,3221
3219,3218
3220,3218
3220,3222
3221,3218
3222,3220
3223,3224
3224,3223
3225,3226
3225,3227
3225,3229
3225,3230
3226,3225
3227,3225
3227,3228
3227,3231
3228,3227
3228,3232
3229,3225
3230,3225
3231,3227
3232,3228
3233,3234
3233,3235
3233,3240
3234,3233
3235,3233
3235,3236
3235,3237
3235,3238
3236,3235
3236,3239
3236,3241
3236,3243
3237,3235
3237,3242
3238,3235
3239,3236
3240,3233
3241,3236
3242,3237
3243,3236
3244,3245
3244,3246
3244,3247
3244,3249
3245,3244
3246,3244
3246,3248
3246,3250
3246,3251
3247,3244
3247,3252
3247,3256
3248,3246
3248,3253
3248,3254
3248,3257
3248,3258
3249,3244
3249,3255
3250,3246
3251,3246
3252,3247
3253,3248
3254,3248
3255,3249
3256,3247
3257,3248
3258,3248
3259,3260
3259,3261
3259,3262
3260,3259
3261,3259
3262,3259
3263,3264
3263,3265
3263,3266
3263,3267
3264,3263
3265,3263
3266,3263
3267,3263
3268,3269
3268,3270
3268,3271
3268,3272
3269,3268
3270,3268
3270,3275
3271,3268
3271,3273
3271,3274
3272,3268
3272,3276
3273,3271
3273,3277
3274,3271
3275,3270
3276,3272
3277,3273
3278,3279
3278,3280
3278,3281
3278,3282
3279,3278
3280,3278
3281,3278
3282,3278
3283,3284
3283,3285
3283,3286
3284,3283
3285,3283
3285,3287
3285,3288
3286,3283
3287,3285
3288,3285
3289,3290
3289,3291
3289,3292
3289,3293
3290,3289
3291,3289
3291,3294
3292,3289
3292,3295
3292,3296
3293,3289
3293,3297
3294,3291
3295,3292
3295,3298
3296,3292
3297,3293
3298,3295
3299,3300
3299,3301
3299,3302
3299,3303
3300,3299
3301,3299
3301,3305
3301,3306
3302,3299
3302,3304
3303,3299
3303,3308
3304,3302
3305,3301
3305,3307
3306,3301
3307,3305
3308,3303
3309,3310
3309,3311
3309,3312
3309,3313
3310,3309
3311,3309
3311,3314
3312,3309
3313,3309
3314,3311
3315,3316
3315,3317
3315,3318
3316,3315
3317,3315
3317,3319
3318,3315
3319,3317
3320,3321
3321,3320
3322,3323
3322,3324
3322,3325
3323,3322
3324,3322
3324,3326
3325,3322
3325,3327
3326,3324
3327,3325
3328,3329
3328,3330
3328,3331
3329,3328
3330,3328
3331,3328
3331,3332
3332,3331
3333,3334
3333,3335
3333,3336
3333,3337
3334,3333
3335,3333
3335,3338
3335,3341
3335,3342
3336,3333
3336,3339
3337,3333
3337,3340
3337,3343
3338,3335
3339,3336
3340,3337
3341,3335
3342,3335
3343,3337
3344,3345
3344,3346
3344,3347
3344,3348
3345,3344
3346,3344
3346,3349
3346,3351
3346,3352
3347,3344
3347,3350
3348,3344
3349,3346
3350,3347
3351,3346
3352,3346
3353,3354
3353,3355
3353,3356
3353,3357
3354,3353
3355,3353
3356,3353
3357,3353
3358,3359
3358,3360
3359,3358
3360,3358
3360,3361
3361,3360
3361,3362
3362,3361
3363,3364
3363,3365
3363,3366
3364,3363
3365,3363
3366,3363
3367,3368
3367,3369
3368,3367
3369,3367
3370,3371
3370,3372
3370,3373
3371,3370
3372,3370
3372,3374
3372,3375
3373,3370
3374,3372
3375,3372
3376,3377
3376,3378
3376,3379
3376,3380
3377,3376
3378,3376
3379,3376
3380,3376
3381,3382
3381,3383
3381,3384
3382,3381
3383,3381
3383,3385
3383,3386
3383,3387
3384,3381
3385,3383
3386,3383
3387,3383
3388,3389
3388,3390
3389,3388
3390,3388
3391,3392
3391,3393
3392,3391
3393,3391
3394,3395
3394,3396
3394,3397
3395,3394
3396,3394
3396,3398
3396,3399
3396,3400
3396,3401
3396,3402
3397,3394
3398,3396
3399,3396
3400,3396
3401,3396
3402,3396
3403,3404
3403,3405
3403,3406
3404,3403
3405,3403
3406,3403
3407,3408
3407,3409
3408,3407
3409,3407
3410,3411
3410,3412
3410,3413
3411,3410
3412,3410
3412,3414
3412,3415
3412,3416
3412,3417
3413,3410
3414,3412
3414,3418
3414,3419
3415,3412
3416,3412
3417,3412
3418,3414
3419,3414
3420,3421
3420,3422
3420,3423
3421,3420
3422,3420
3423,3420
3423,3424
3423,3425
3423,3426
3424,3423
3425,3423
3426,3423
3427,3428
3428,3427
3429,3430
3430,3429
3431,3432
3432,3431
3433,3434
3433,3435
3433,3442
3434,3433
3435,3433
3435,3436
3435,3437
3435,3438
3435,3439
3435,3441
3436,3435
3436,3440
3437,3435
3438,3435
3439,3435
3440,3436
3441,3435
3442,3433
3443,3444
3443,3445
3443,3453
3444,3443
3445,3443
3445,3446
3445,3447
3445,3448
3445,3449
3446,3445
3446,3450
3446,3451
3446,3452
3447,3445
3448,3445
3449,3445
3450,3446
3451,3446
3452,3446
3453,3443
3454,3455
3454,3456
3454,3457
3455,3454
3456,3454
3457,3454
3458,3459
3458,3460
3458,3461
3459,3458
3460,3458
3460,3462
3460,3463
3460,3464
3460,3465
3460,3466
3461,3458
3462,3460
3463,3460
3464,3460
3465,3460
3466,3460
3467,3468
3467,3469
3467,3470
3468,3467
3469,3467
3469,3471
3469,3472
3470,3467
3471,3469
3472,3469
3473,3474
3473,3475
3473,3478
3474,3473
3475,3473
3475,3476
3475,3477
3475,3479
3476,3475
3477,3475
3478,3473
3479,3475
3480,3481
3480,3482
3480,3483
3481,3480
3482,3480
3482,3484
3482,3485
3482,3486
3483,3480
3484,3482
3484,3487
3485,3482
3486,3482
3487,3484
3488,3489
3488,3490
3488,3493
3489,3488
3490,3488
3490,3491
3490,3492
3490,3494
3491,3490
3492,3490
3493,3488
3494,3490
3495,3496
3495,3497
3495,3498
3496,3495
3497,3495
3497,3499
3497,3500
3498,3495
3499,3497
3500,3497
3501,3502
3501,3503
3501,3505
3502,3501
3503,3501
3503,3504
3503,3507
3504,3503
3504,3506
3504,3508
3505,3501
3506,3504
3507,3503
3508,3504
3509,3510
3509,3511
3510,3509
3511,3509
3512,3513
3512,3514
3512,3516
3513,3512
3514,3512
3514,3515
3515,3514
3516,3512
3517,3518
3517,3519
3517,3522
3518,3517
3519,3517
3519,3520
3519,3521
3519,3523
3519,3524
3520,3519
3520,3525
3521,3519
3522,3517
3523,3519
3524,3519
3525,3520
3526,3527
3526,3528
3526,3529
3527,3526
3528,3526
3528,3530
3528,3531
3529,3526
3530,3528
3531,3528
3532,3533
3532,3534
3533,3532
3534,3532
3535,3536
3536,3535
3537,3538
3537,3539
3538,3537
3539,3537
3540,3541
3540,3542
3540,3543
3541,3540
3542,3540
3542,3544
3543,3540
3544,3542
3545,3546
3546,3545
3547,3548
3547,3549
3547,3551
3548,3547
3549,3547
3549,3550
3549,3552
3550,3549
3551,3547
3551,3553
3552,3549
3553,3551
3554,3555
3554,3556
3555,3554
3556,3554
3557,3558
3557,3559
3558,3557
3559,3557
3560,3561
3560,3562
3560,3563
3561,3560
3562,3560
3562,3564
3562,3565
3562,3566
3563,3560
3563,3567
3564,3562
3564,3568
3564,3570
3565,3562
3565,3569
3566,3562
3567,3563
3568,3564
3569,3565
3570,3564
3571,3572
3572,3571
3573,3574
3574,3573
3575,3576
3576,3575
3577,3578
3577,3579
3578,3577
3579,3577
3579,3580
3580,3579
3581,3582
3582,3581
3583,3584
3583,3585
3583,3586
3584,3583
3585,3583
3585,3587
3586,3583
3587,3585
3588,3589
3588,3590
3589,3588
3590,3588
3590,3591
3590,3592
3590,3593
3591,3590
3591,3594
3591,3595
3592,3590
3593,3590
3594,3591
3595,3591
3596,3597
3596,3598
3596,3599
3597,3596
3598,3596
3598,3603
3599,3596
3599,3600
3599,3601
3599,3602
3600,3599
3601,3599
3602,3599
3603,3598
3604,3605
3604,3606
3604,3607
3605,3604
3606,3604
3606,3608
3607,3604
3607,3609
3607,3610
3607,3611
3608,3606
3609,3607
3610,3607
3611,3607
3612,3613
3612,3614
3613,3612
3614,3612
3615,3616
3615,3617
3615,3618
3616,3615
3617,3615
3617,3619
3618,3615
3619,3617
3620,3621
3620,3622
3620,3623
3621,3620
3622,3620
3622,3624
3623,3620
3623,3625
3624,3622
3625,3623
3626,3627
3627,3626
3628,3629
3628,3630
3628,3631
3629,3628
3630,3628
3630,3632
3630,3634
3631,3628
3631,3633
3632,3630
3633,3631
3634,3630
3635,3636
3635,3637
3635,3638
3636,3635
3637,3635
3637,3639
3638,3635
3639,3637
3640,3641
3640,3642
3641,3640
3642,3640
3643,3644
3643,3645
3644,3643
3645,3643
3645,3646
3646,3645
3647,3648
3647,3649
3647,3650
3648,3647
3649,3647
3649,3651
3649,3652
3650,3647
3651,3649
3652,3649
3653,3654
3653,3655
3654,3653
3655,3653
3656,3657
3656,3658
3656,3659
3657,3656
3658,3656
3658,3660
3658,3661
3659,3656
3659,3662
3660,3658
3661,3658
3662,3659
3663,3664
3663,3665
3663,3669
3664,3663
3665,3663
3665,3666
3665,3667
3666,3665
3666,3668
3666,3670
3667,3665
3668,3666
3669,3663
3670,3666
3671,3672
3671,3673
3672,3671
3673,3671
3674,3675
3675,3674
3676,3677
3676,3678
3676,3679
3677,3676
3678,3676
3679,3676
3680,3681
3681,3680
3682,3683
3683,3682
3684,3685
3684,3686
3685,3684
3686,3684
3687,3688
3687,3689
3688,3687
3689,3687
3689,3690
3689,3691
3690,3689
3690,3692
3691,3689
3692,3690
3693,3694
3693,3695
3694,3693
3695,3693
3696,3697
3697,3696
3698,3699
3698,3700
3699,3698
3700,3698
3701,3702
3701,3703
3702,3701
3703,3701
3703,3704
3704,3703
3705,3706
3705,3707
3706,3705
3707,3705
3708,3709
3708,3710
3709,3708
3710,3708
3710,3711
3711,3710
3712,3713
3713,3712
3714,3715
3714,3716
3715,3714
3716,3714
3717,3718
3717,3719
3718,3717
3719,3717
3719,3720
3720,3719
3721,3722
3722,3721
3723,3724
3723,3725
3724,3723
3725,3723
3725,3726
3726,3725
3727,3728
3727,3729
3728,3727
3729,3727
3730,3731
3730,3732
3731,3730
3732,3730
3732,3733
3732,3736
3733,3732
3733,3734
3733,3735
3734,3733
3735,3733
3736,3732
3737,3738
3738,3737
3739,3740
3739,3741
3740,3739
3741,3739
3741,3742
3742,3741
3743,3744
3743,3745
3744,3743
3745,3743
3745,3746
3745,3747
3746,3745
3746,3748
3746,3749
3747,3745
3748,3746
3749,3746
3750,3751
3750,3752
3751,3750
3752,3750
3752,3753
3753,3752
3754,3755
3754,3756
3755,3754
3756,3754
3757,3758
3757,3759
3758,3757
3759,3757
3759,3760
3760,3759
3761,3762
3761,3763
3762,3761
3763,3761
3763,3764
3764,3763
3765,3766
3765,3767
3766,3765
3767,3765
3768,3769
3769,3768
3770,3771
3770,3772
3771,3770
3772,3770
3772,3773
3772,3774
3773,3772
3774,3772
3775,3776
3775,3777
3776,3775
3777,3775
3778,3779
3778,3780
3779,3778
3780,3778
3780,3781
3781,3780
3782,3783
3782,3784
3782,3785
3783,3782
3784,3782
3784,3786
3784,3787
3784,3788
3784,3789
3784,3790
3785,3782
3786,3784
3786,3791
3786,3792
3787,3784
3788,3784
3789,3784
3790,3784
3791,3786
3792,3786
3793,3794
3793,3795
3794,3793
3795,3793
3796,3797
3796,3798
3796,3802
3797,3796
3798,3796
3798,3799
3798,3800
3798,3801
3799,3798
3800,3798
3801,3798
3802,3796
3803,3804
3803,3805
3803,3807
3804,3803
3805,3803
3805,3806
3805,3808
3806,3805
3807,3803
3808,3805
3809,3810
3809,3811
3810,3809
3811,3809
3811,3812
3811,3813
3812,3811
3813,3811
3814,3815
3814,3816
3815,3814
3816,3814
3817,3818
3817,3819
3817,3823
3818,3817
3819,3817
3819,3820
3819,3821
3819,3822
3819,3824
3820,3819
3821,3819
3822,3819
3823,3817
3824,3819
3825,3826
3825,3827
3825,3828
3826,3825
3827,3825
3827,3829
3827,3830
3828,3825
3829,3827
3830,3827
3831,3832
3831,3833
3832,3831
3833,3831
3833,3834
3833,3835
3833,3836
3834,3833
3835,3833
3836,3833
3837,3838
3837,3839
3838,3837
3839,3837
3839,3840
3839,3841
3839,3842
3840,3839
3841,3839
3842,3839
3843,3844
3843,3845
3843,3846
3844,3843
3845,3843
3845,3847
3845,3848
3845,3849
3846,3843
3847,3845
3848,3845
3849,3845
3850,3851
3850,3852
3851,3850
3852,3850
3853,3854
3854,3853
3855,3856
3855,3857
3856,3855
3857,3855
3858,3859
3858,3860
3859,3858
3860,3858
3860,3861
3860,3862
3861,3860
3862,3860
3863,3864
3863,3865
3864,3863
3865,3863
3866,3867
3866,3868
3866,3871
3867,3866
3868,3866
3868,3869
3868,3870
3868,3872
3869,3868
3870,3868
3871,3866
3872,3868
3873,3874
3873,3875
3874,3873
3875,3873
3876,3877
3876,3878
3876,3879
3877,3876
3878,3876
3879,3876
3879,3880
3879,3881
3879,3882
3880,3879
3881,3879
3882,3879
3883,3884
3883,3885
3883,3889
3884,3883
3885,3883
3885,3886
3885,3887
3885,3888
3885,3890
3886,3885
3887,3885
3888,3885
3889,3883
3890,3885
3891,3892
3891,3893
3892,3891
3893,3891
3893,3894
3894,3893
3895,3896
3895,3897
3895,3898
3896,3895
3897,3895
3898,3895
3899,3900
3899,3901
3900,3899
3901,3899
3902,3903
3902,3904
3902,3905
3903,3902
3904,3902
3904,3906
3904,3907
3905,3902
3906,3904
3907,3904
3908,3909
3908,3910
3908,3911
3909,3908
3910,3908
3910,3912
3910,3913
3910,3915
3910,3916
3911,3908
3912,3910
3912,3914
3912,3917
3913,3910
3914,3912
3915,3910
3916,3910
3917,3912
3918,3919
3918,3920
3919,3918
3920,3918
3921,3922
3922,3921
3923,3924
3923,3925
3924,3923
3925,3923
3926,3927
3927,3926
3928,3929
3928,3930
3928,3931
3928,3932
3928,3933
3928,3934
3929,3928
3930,3928
3931,3928
3932,3928
3933,3928
3934,3928
3935,3936
3935,3937
3935,3938
3935,3939
3935,3941
3936,3935
3937,3935
3937,3940
3938,3935
3938,3942
3939,3935
3940,3937
3941,3935
3942,3938
3943,3944
3943,3945
3943,3946
3943,3947
3943,3948
3943,3949
3944,3943
3945,3943
3945,3950
3946,3943
3947,3943
3948,3943
3949,3943
3950,3945
3951,3952
3951,3953
3951,3954
3952,3951
3953,3951
3954,3951
3955,3956
3955,3957
3955,3958
3955,3960
3955,3961
3956,3955
3957,3955
3957,3959
3957,3962
3958,3955
3959,3957
3960,3955
3961,3955
3962,3957
3963,3964
3963,3965
3963,3966
3963,3967
3963,3968
3963,3969
3964,3963
3965,3963
3965,3970
3965,3971
3966,3963
3967,3963
3968,3963
3968,3972
3969,3963
3970,3965
3971,3965
3972,3968
3973,3974
3973,3975
3973,3976
3974,3973
3975,3973
3976,3973
3977,3978
3977,3979
3977,3980
3977,3981
3978,3977
3979,3977
3980,3977
3981,3977
3982,3983
3982,3984
3982,3985
3982,3986
3982,3987
3982,3989
3983,3982
3984,3982
3984,3988
3984,3990
3984,3993
3985,3982
3985,3991
3986,3982
3987,3982
3988,3984
3988,3992
3988,3994
3989,3982
3990,3984
3991,3985
3992,3988
3993,3984
3994,3988
3995,3996
3995,3997
3995,3998
3996,3995
3997,3995
3998,3995
3999,4000
3999,4001
3999,4002
3999,4003
4000,3999
4001,3999
4002,3999
4003,3999
4004,4005
4004,4006
4004,4007
4004,4008
4005,4004
4006,4004
4006,4009
4006,4010
4007,4004
4008,4004
4009,4006
4010,4006
4011,4012
4011,4013
4011,4014
4011,4015
4011,4016
4011,4017
4012,4011
4013,4011
4013,4018
4013,4020
4014,4011
4015,4011
4016,4011
4016,4019
4017,4011
4018,4013
4019,4016
4020,4013
4021,4022
4021,4023
4021,4024
4022,4021
4023,4021
4023,4025
4024,4021
4025,4023
4026,4027
4026,4028
4026,4029
4026,4030
4026,4032
4027,4026
4028,4026
4028,4031
4029,4026
4029,4033
4030,4026
4031,4028
4032,4026
4033,4029
4034,4035
4035,4034
4036,4037
4036,4038
4036,4039
4036,4040
4037,4036
4038,4036
4039,4036
4040,4036
4041,4042
4041,4043
4041,4044
4041,4045
4042,4041
4043,4041
4044,4041
4045,4041
4046,4047
4046,4048
4046,4049
4046,4051
4046,4052
4047,4046
4048,4046
4048,4050
4048,4053
4049,4046
4050,4048
4051,4046
4052,4046
4053,4048
4054,4055
4054,4056
4054,4057
4054,4058
4054,4059
4055,4054
4056,4054
4056,4060
4056,4061
4057,4054
4057,4062
4058,4054
4059,4054
4060,4056
4061,4056
4062,4057
4063,4064
4063,4065
4063,4066
4063,4067
4063,4068
4064,4063
4065,4063
4065,4072
4066,4063
4067,4063
4068,4063
4068,4069
4068,4070
4068,4071
4069,4068
4070,4068
4071,4068
4072,4065
4073,4074
4073,4075
4073,4076
4073,4077
4073,4078
4073,4079
4074,4073
4075,4073
4075,4080
4076,4073
4077,4073
4078,4073
4079,4073
4080,4075
4081,4082
4081,4083
4081,4084
4081,4085
4081,4086
4081,4089
4082,4081
4083,4081
4083,4087
4083,4088
4084,4081
4085,4081
4086,4081
4087,4083
4088,4083
4089,4081
4090,4091
4090,4092
4090,4093
4091,4090
4092,4090
4092,4094
4092,4095
4093,4090
4094,4092
4095,4092
4096,4097
4097,4096
